lake fish chiro amph odon zoo
LakeA	1	0.12	0.35	0.44	0.09
LakeA	2	0.09	0.22	0.63	0.06
LakeA	3	0.12	0.35	0.5	0.03
LakeA	4	0.26	0.38	0.22	0.14
LakeA	5	0.27	0.29	0.27	0.17
LakeB	6	0.49	0.01	0.38	0.12
LakeB	7	0.36	0.04	0.59	0.01
LakeB	8	0.34	0.05	0.57	0.04
LakeB	9	0.42	0.03	0.24	0.31
LakeB	10	0.57	0.11	0.21	0.11
LakeC	11	0.08	0.34	0.49	0.09
LakeC	12	0.06	0.27	0.59	0.08
LakeC	13	0.02	0.33	0.58	0.07
LakeC	14	0.11	0.57	0.28	0.04
LakeC	15	0.01	0.57	0.31	0.11